((("buf" .
   [4 0 0])
  ("array_print" .
   [1 0 0 0 0 0 0 0 0 0 0])
  ("heap_sort" .
   [0 0 0 0 0 1 0 0 0])
  ("data" .
   [9 0 0 0])
  ("array_random_number" .
   [0 0 0 0 0 0 0 0 0 0 0 0 0 0 0 1 0 0 0])
  ("down_heap" .
   [2 0 0 0 0 0 0 0 0])
  ("root" .
   [1 0 0 0])
  ("swap" .
   [1 0 0 0])
  ("child" .
   [6 0 0 0 0])
  ("parent" .
   [6 0 0 0 0 0])
  ("digit" .
   [1 0 0 0 0])
  ("time" .
   [1 0 0 0])
  ("getenv" .
   [1 0 0 0 0 0])
  ("stdio" .
   [2 0 0 0 0])
  ("stdlib" .
   [2 0 0 0 0 0])
  ("i" .
   [3])
  ("a" .
   [4])
  ("array" .
   [19 0 0 0 0])
  ("array_a" .
   [2 0 0 0 0 0 0])
  ("ptr_x" .
   [1 0 0 0 0])
  ("ptr_y" .
   [1 0 0 0 0])
  ("lonf" .
   [2 0 0 0])
  ("arg_a" .
   [2 0 0 0 0])
  ("arg_b" .
   [1 0 0 0 0])
  ("main" .
   [1 0 0 0])
  ("argc" .
   [2 0 0 0])
  ("argv" .
   [3 0 0 0])
  ("perror" .
   [1 0 0 0 0 0])
  ("exit" .
   [1 0 0 0])
  ("atoll" .
   [3 0 0 0 0])
  ("ext_euclid" .
   [0 0 0 0 0 1 0 0 0 0])
  ("printf" .
   [10 0 0 0 0 0])
  ("atoi" .
   [2 0 0 0])
  ("log" .
   [2 0 0])
  ("size" .
   [18 0 0 0])
  ("m_sort" .
   [4 0 0 0 0 0])
  ("tmp" .
   [11 0 0])
  ("right" .
   [14 0 0 0 0])
  ("left" .
   [23 0 0 0])
  ("mid" .
   [15 0 0])
  ("merge" .
   [3 0 0 0 0])
  ("left_end" .
   [2 0 0 0 0 0 0 0])
  ("tmp_pos" .
   [1 0 0 0 0 0 0])
  ("a_num" .
   [1 0 0 0 0])
  ("mergesort" .
   [3 0 0 0 0 1 0 0 0])))
