((("buf1" .
   [1 0 0 0])
  ("buf2" .
   [2 0 0 0])
  ("saved_ebp" .
   [1 0 0 0 0 0 0 0 0])
  ("got_start_main" .
   [2 0 0 0 0 0 0 0 0 0 1 0 0 0])
  ("index_input" .
   [1 0 0 0 0 0 0 0 0 0 0])
  ("got_start_main_offset" .
   [0 0 0 0 0 0 0 0 2 0 0 0 0 0 0 0 0 0 0 0 0])
  ("main_offset" .
   [1 0 0 0 0 0 1 0 0 0 0])
  ("0x8b0" .
   [1 0 0 0 0])
  ("leaked_ret" .
   [3 0 0 0 0 0 0 0 0 0])
  ("elf_base" .
   [4 0 0 0 0 0 0 0])
  ("index_ret" .
   [2 0 0 0 0 0 0 0 1])
  ("index_libc_start_main" .
   [0 0 0 0 0 0 0 0 0 1 0 0 0 0 0 1 0 0 0 0 0])
  ("0x1fd0" .
   [1 0 0 0 0 0])
  ("got_cxafinalize_addr" .
   [0 0 0 0 0 0 0 0 0 0 0 0 0 0 0 0 0 0 1 0])
  ("_start_leaked_addr" .
   [0 0 0 0 0 0 1 0 0 0 0 0 0 0 0 0 0 0])
  ("0x3af60" .
   [1 0 0 0 0 0 0])
  ("remote" .
   [2 0 0 0 0 0])
  ("BIN" .
   [1 0 0])
  ("ELF" .
   [1 0 0])
  ("libc" .
   [2 0 0 0])
  ("None" .
   [0 0 0 1])
  ("elf" .
   [2 0 0])
  ("elf_base_addr" .
   [4 0 0 0 0 0 0 0 0 0 0 0 0])
  ("got_cxafinalize_offset" .
   [0 0 0 0 1 0 0 0 0 0 0 0 0 0 0 0 0 0 0 0 0 0])
  ("connect" .
   [1 0 0 0 0 1 0])
  ("set-default-font" .
   [0 0 0 0 0 0 0 0 0 0 0 0 1 0 0 0])
  ("set-default" .
   [1 0 0 0 0 0 0 0 0 0 0])
  ("darktooth" .
   [1 0 0 0 0 0 0 0 0])
  ("socket" .
   [0 0 0 0 0 5])
  ("mes" .
   [21 0 0])
  ("sleep" .
   [3 0 0 1 0])
  ("recv" .
   [13 0 0 0])
  ("fini_array" .
   [0 0 0 0 2 0 0 0 0 0])
  ("struct" .
   [0 0 0 0 0 3])
  ("pack" .
   [4 0 0 1])
  ("0x8049934" .
   [0 0 0 0 1 0 0 0 0])
  ("0x08049aa8" .
   [0 0 1 0 0 0 0 0 0 0])
  ("0x0804" .
   [4 0 0 0 0 0])
  ("0x6873" .
   [1 0 0 0 0 0])
  ("addr" .
   [9 0 0 0])
  ("0x12" .
   [2 0 0 0])
  ("system" .
   [4 0 0 0 0 0])
  ("begining" .
   [2 0 0 0 0 0 0 0])
  ("0x8490" .
   [1 0 0 0 0 0])
  ("0x9aa8" .
   [1 0 0 0 0 0])
  ("send" .
   [2 0 0 0])
  ("prin" .
   [1 0 0 0])
  ("interact" .
   [1 0 0 0 0 0 0 0])
  ("buf" .
   [5 0 0])
  ("recvuntil" .
   [8 0 0 0 4 0 0 0 0])
  ("sendline" .
   [8 0 0 0 0 0 0 0])
  ("msg" .
   [1 0 0])
  ("return" .
   [0 0 0 1 0 0])
  ("libc_base" .
   [4 0 0 0 0 0 0 0 0])
  ("setbuf" .
   [2 0 0 0 0 0])
  ("addr_system" .
   [1 0 0 0 0 0 0 0 0 0 0])
  ("addr_binsh" .
   [0 0 0 0 1 1 0 0 0 0])
  ("interactive" .
   [2 0 0 0 0 0 0 0 0 0 0])
  ("p32" .
   [22 0 0])
  ("rop" .
   [9 0 0])
  ("join" .
   [4 0 0 0])
  ("recvline" .
   [6 0 0 0 1 0 0 0])
  ("addr_setbuf_got" .
   [1 0 0 0 0 0 0 0 0 0 0 0 0 0 0])
  ("addr_got_setbuf" .
   [1 0 0 0 0 0 0 0 0 0 0 0 0 0 0])
  ("0x08048430" .
   [2 0 0 0 0 0 0 0 0 0])
  ("0x080485ca" .
   [1 0 0 0 0 0 0 0 0 0])
  ("0x0804a00c" .
   [1 0 0 0 0 0 0 0 0 0])
  ("printf_plt" .
   [1 0 0 0 0 0 0 0 0 0])
  ("main" .
   [4 0 0 0])
  ("str_addr" .
   [1 0 0 0 0 0 0 0])
  ("setbuf_addr" .
   [2 0 0 0 0 0 0 0 0 0 0])
  ("offset" .
   [5 0 0 0 0 0])
  ("0x67b20" .
   [1 0 0 0 0 0 0])
  ("0x40310" .
   [1 0 0 0 0 0 0])
  ("0x16084c" .
   [1 0 0 0 0 0 0 0])
  ("leaked_setbuf" .
   [2 0 0 0 0 0 0 0 0 0 0 0 0])
  ("leaked" .
   [4 0 0 0 0 0])
  ("leaked_addr" .
   [3 0 0 0 0 0 0 0 0 0 0])
  ("offset_setbuf" .
   [0 0 0 0 0 0 0 1 0 1 0 0 0])
  ("system_addr" .
   [2 0 0 0 0 0 1 0 0 0 0])
  ("offset_system" .
   [0 0 0 0 0 0 0 0 0 1 0 0 0])
  ("binsh_addr" .
   [1 0 0 0 0 1 1 0 0 0])
  ("offset_binsh" .
   [0 0 0 1 0 0 0 0 0 0 0 0])
  ("Message" .
   [1 0 0 0 0 0 0])
  ("printf" .
   [1 0 0 0 0 0])
  ("libc_base_addr" .
   [3 0 0 0 0 0 0 0 0 1 0 0 0 0])
  ("libc_system" .
   [1 0 0 1 0 1 0 0 0 0 0])
  ("libc_binsh" .
   [1 0 0 0 0 0 0 0 1 1])
  ("libc_start_main_offset" .
   [0 0 0 0 1 0 0 0 0 0 0 0 0 0 0 0 0 0 0 0 0 0])
  ("lib" .
   [2 0 0])
  ("ret" .
   [3 0 0])
  ("0x100000000" .
   [1 0 0 0 0 0 0 0 0 0 0])
  ("0x16c40" .
   [1 0 0 0 0 0 0])
  ("elf_main_addr" .
   [0 0 0 1 0 0 0 0 0 0 0 0 0])
  ("stdout" .
   [3 0 0 0 0 0])
  ("ret_addr" .
   [0 0 0 0 0 1 0 0])
  ("ret_var8" .
   [1 0 0 0 0 0 0 0])
  ("index_ebp" .
   [0 0 0 0 0 1 0 0 0])
  ("addr_retaddr" .
   [0 0 0 0 0 2 0 0 0 0 0 0])
  ("libc_binsh_offset" .
   [0 0 0 0 0 1 0 0 0 0 0 0 0 0 0 0 0])
  ("libc_system_offset" .
   [0 0 0 0 0 0 0 0 0 0 0 0 1 0 0 0 0 0])))
